
rrr

## goose data (multistate CR from "handbook of CR analyses", with large multiplicities)
y <- matrix(c(
    ## 0,0,0,1,
    ## 0,0,0,2,
    ## 0,0,0,3,
    0,0,1,0,
    0,0,1,1,
    0,0,1,2,
    0,0,2,0,
    0,0,2,1,
    0,0,2,2,
    0,0,2,3,
    0,0,3,0,
    0,0,3,1,
    0,0,3,2,
    0,0,3,3,
    0,1,0,0,
    0,1,0,1,
    0,1,0,2,
    0,1,1,0,
    0,1,1,1,
    0,1,1,2,
    0,1,2,0,
    0,1,2,1,
    0,1,2,2,
    0,1,2,3,
    0,1,3,0,
    0,1,3,2,
    0,2,0,0,
    0,2,0,1,
    0,2,0,2,
    0,2,0,3,
    0,2,1,0,
    0,2,1,1,
    0,2,1,2,
    0,2,2,0,
    0,2,2,1,
    0,2,2,2,
    0,2,2,3,
    0,2,3,0,
    0,2,3,1,
    0,2,3,2,
    0,2,3,3,
    0,3,0,0,
    0,3,0,1,
    0,3,0,2,
    0,3,0,3,
    0,3,1,0,
    0,3,1,1,
    0,3,1,3,
    0,3,2,0,
    0,3,2,1,
    0,3,2,2,
    0,3,2,3,
    0,3,3,0,
    0,3,3,1,
    0,3,3,2,
    0,3,3,3,
    1,0,0,0,
    1,0,0,1,
    1,0,0,2,
    1,0,0,3,
    1,0,1,0,
    1,0,1,1,
    1,0,1,2,
    1,0,2,0,
    1,0,2,1,
    1,0,2,2,
    1,0,3,1,
    1,0,3,2,
    1,0,3,3,
    1,1,0,0,
    1,1,0,1,
    1,1,0,2,
    1,1,1,0,
    1,1,1,1,
    1,1,1,2,
    1,1,2,0,
    1,1,2,1,
    1,1,2,2,
    1,2,0,0,
    1,2,0,1,
    1,2,0,2,
    1,2,1,0,
    1,2,1,1,
    1,2,1,2,
    1,2,2,0,
    1,2,2,1,
    1,2,2,2,
    1,2,3,0,
    1,3,0,0,
    1,3,1,0,
    2,0,0,0,
    2,0,0,1,
    2,0,0,2,
    2,0,0,3,
    2,0,1,0,
    2,0,1,1,
    2,0,1,2,
    2,0,2,0,
    2,0,2,1,
    2,0,2,2,
    2,0,2,3,
    2,0,3,0,
    2,0,3,2,
    2,1,0,0,
    2,1,0,1,
    2,1,0,2,
    2,1,1,0,
    2,1,1,1,
    2,1,1,2,
    2,1,2,0,
    2,1,2,1,
    2,1,2,2,
    2,1,3,1,
    2,2,0,0,
    2,2,0,1,
    2,2,0,2,
    2,2,1,0,
    2,2,1,1,
    2,2,1,2,
    2,2,2,0,
    2,2,2,1,
    2,2,2,2,
    2,2,3,0,
    2,2,3,2,
    2,3,0,0,
    2,3,2,0,
    2,3,2,1,
    2,3,3,0,
    3,0,0,0,
    3,0,0,1,
    3,0,0,2,
    3,0,0,3,
    3,0,1,0,
    3,0,1,2,
    3,0,2,0,
    3,0,2,2,
    3,0,2,3,
    3,0,3,0,
    3,0,3,2,
    3,0,3,3,
    3,1,0,0,
    3,2,0,0,
    3,2,0,2,
    3,2,2,0,
    3,2,2,1,
    3,2,2,2,
    3,2,3,0,
    3,2,3,3,
    3,3,0,0,
    3,3,0,1,
    3,3,0,2,
    3,3,0,3,
    3,3,2,0,
    3,3,3,0,
    3,3,3,2,
    3,3,3,3),
            ncol = 4, byrow = TRUE)

mult <- c(
    ## 158,
    ## 352,
    ## 271,
    317,
    62,
    31,
    748,
    56,
    234,
    7,
    504,
    14,
    71,
    72,
    643,
    57,
    36,
    98,
    42,
    10,
    70,
    13,
    25,
    1,
    1,
    2,
    1040,
    27,
    117,
    11,
    59,
    2,
    12,
    285,
    11,
    100,
    2,
    10,
    1,
    5,
    2,
    694,
    7,
    66,
    60,
    13,
    1,
    2,
    59,
    2,
    13,
    2,
    86,
    1,
    12,
    31,
    1135,
    40,
    39,
    2,
    63,
    22,
    8,
    68,
    8,
    13,
    1,
    2,
    1,
    201,
    25,
    11,
    56,
    38,
    1,
    21,
    4,
    1,
    81,
    9,
    12,
    11,
    5,
    4,
    22,
    6,
    4,
    1,
    3,
    1,
    1559,
    18,
    85,
    4,
    33,
    6,
    3,
    163,
    3,
    51,
    1,
    7,
    1,
    55,
    6,
    2,
    9,
    1,
    4,
    7,
    1,
    4,
    1,
    423,
    10,
    45,
    5,
    5,
    4,
    121,
    2,
    48,
    6,
    1,
    16,
    4,
    1,
    1,
    473,
    1,
    17,
    21,
    9,
    1,
    19,
    2,
    1,
    20,
    1,
    7,
    6,
    22,
    3,
    5,
    1,
    1,
    2,
    1,
    57,
    2,
    2,
    15,
    3,
    10,
    3,
    13)



y[which(y == 0)] <- 4
first <- apply(y, 1, function(hist) which(hist!=4)[1])
nind <- dim(y)[1]
k <- dim(y)[2]


save(list=c('y', 'mult', 'first', 'k', 'nind'), file='~/github/userDistMCMC/gooseData.RData')


